-998
-997
-996
-996
-993
-989
-988
-986
-986
-985
-985
-985
-983
-982
-982
-981
-981
-981
-981
-980
-979
-979
-978
-978
-977
-977
-972
-961
-960
-959
-957
-957
-952
-942
-942
-942
-942
-939
-935
-935
-934
-933
-932
-932
-931
-929
-923
-922
-922
-921
-921
-920
-920
-916
-915
-915
-907
-907
-906
-906
-906
-906
-904
-901
-899
-899
-898
-897
-889
-889
-885
-882
-880
-879
-879
-875
-875
-873
-870
-866
-865
-864
-861
-860
-857
-853
-850
-847
-842
-841
-841
-838
-833
-831
-829
-824
-824
-822
-817
-815
-813
-811
-809
-808
-805
-794
-791
-787
-782
-779
-776
-774
-771
-771
-770
-761
-760
-757
-752
-748
-747
-747
-747
-742
-740
-739
-738
-736
-736
-732
-728
-726
-726
-720
-716
-716
-712
-709
-707
-707
-701
-700
-700
-698
-697
-697
-695
-695
-694
-693
-692
-690
-690
-690
-690
-689
-688
-687
-685
-682
-682
-679
-676
-675
-672
-670
-665
-664
-662
-661
-661
-659
-659
-658
-657
-657
-655
-653
-652
-651
-650
-650
-649
-648
-648
-647
-646
-646
-645
-643
-640
-639
-633
-631
-625
-623
-621
-619
-618
-617
-617
-615
-613
-608
-607
-606
-606
-605
-604
-602
-600
-598
-597
-596
-595
-594
-594
-593
-591
-590
-590
-590
-589
-582
-579
-575
-574
-573
-573
-571
-567
-567
-565
-563
-562
-557
-555
-555
-550
-547
-546
-543
-543
-540
-537
-536
-534
-533
-532
-529
-527
-526
-525
-520
-517
-517
-510
-505
-502
-500
-499
-499
-498
-494
-493
-492
-485
-485
-483
-481
-478
-477
-472
-470
-470
-466
-465
-465
-464
-460
-459
-458
-454
-454
-453
-448
-445
-438
-437
-436
-436
-436
-435
-432
-432
-431
-430
-428
-426
-426
-424
-424
-424
-423
-422
-422
-419
-418
-417
-416
-415
-413
-412
-408
-405
-405
-403
-403
-402
-401
-394
-393
-392
-390
-388
-387
-387
-381
-381
-376
-376
-375
-370
-368
-366
-366
-366
-365
-363
-362
-357
-356
-355
-353
-352
-347
-340
-339
-337
-334
-333
-328
-325
-322
-319
-319
-316
-315
-314
-310
-307
-304
-303
-302
-302
-302
-297
-296
-296
-295
-294
-293
-292
-284
-283
-282
-279
-278
-275
-271
-271
-268
-267
-267
-265
-262
-260
-252
-250
-244
-243
-243
-242
-242
-241
-237
-233
-232
-230
-229
-228
-222
-221
-217
-214
-213
-212
-209
-208
-208
-205
-205
-205
-204
-204
-201
-199
-197
-195
-193
-186
-186
-184
-184
-182
-181
-181
-180
-178
-173
-172
-170
-168
-168
-167
-167
-166
-164
-164
-162
-159
-159
-157
-153
-153
-153
-147
-143
-141
-134
-131
-130
-128
-127
-127
-125
-120
-119
-118
-118
-117
-117
-112
-110
-104
-102
-102
-99
-96
-96
-90
-89
-84
-84
-81
-79
-73
-71
-71
-70
-67
-62
-61
-60
-60
-57
-53
-50
-44
-42
-39
-36
-36
-35
-34
-33
-29
-27
-25
-22
-21
-19
-12
-10
-10
-8
-6
-5
-5
-4
3
3
11
14
17
19
28
33
34
34
39
40
40
41
42
45
46
49
49
50
50
60
61
61
62
63
66
67
68
68
71
73
75
76
76
79
79
81
84
86
88
88
88
92
96
96
96
97
98
102
103
104
104
107
109
110
113
113
117
123
125
128
129
134
135
137
140
141
142
143
143
147
147
148
149
153
155
158
164
165
170
172
173
174
175
175
176
183
183
188
193
201
205
207
208
209
211
217
217
220
220
222
223
223
231
232
233
233
234
238
241
242
244
248
249
250
253
255
256
258
259
260
260
261
262
265
268
270
271
276
282
284
284
285
290
291
292
293
293
296
297
298
299
302
302
304
305
306
306
310
311
316
317
318
319
320
324
329
335
335
336
336
336
337
337
340
343
344
363
365
368
373
374
379
379
381
383
387
388
389
391
398
399
400
401
403
404
404
404
406
406
411
412
413
417
420
424
426
427
428
428
428
432
435
435
435
439
440
442
443
444
444
445
448
448
452
453
454
459
460
461
466
466
466
473
473
474
475
475
477
479
479
484
486
487
488
488
495
496
499
504
506
507
508
508
513
513
514
514
515
516
518
518
523
528
531
536
541
541
545
550
551
553
553
559
559
560
561
562
563
563
568
568
579
581
581
581
581
581
589
589
595
595
597
602
602
603
603
604
604
612
613
616
620
621
624
624
625
626
627
627
628
634
638
639
640
644
650
653
654
656
657
662
662
670
675
677
678
685
692
695
697
700
705
705
705
706
707
711
711
712
713
715
717
719
721
722
724
725
725
727
728
730
734
736
736
738
739
742
746
748
750
751
752
753
755
755
757
757
758
759
759
765
770
771
775
777
777
779
780
781
781
782
782
788
789
790
794
795
795
796
797
802
803
803
804
808
810
810
811
812
812
812
812
820
821
823
824
826
827
832
835
840
843
843
843
844
847
849
850
850
851
851
855
856
858
863
864
864
865
868
869
869
873
874
875
878
879
879
881
883
889
890
893
893
895
896
896
898
902
902
903
906
910
913
913
914
915
917
918
920
923
925
931
931
932
940
940
940
941
944
947
949
950
951
952
958
958
958
960
961
962
963
966
967
968
969
972
975
979
979
981
983
985
985
986
989
993
994
997
